Multiple size <= 100
TEST 1 ARG:72 83 30 76 96 70 21 97 40 39 6 86 71 65 79 67 45 53 87 26 91 95 12 92 90 38 10 47 81 50 73 88 20 57 37 24 93 43 29 23 89 49 61 5 82 35 4 51 58 41 64 22 34 66 55 3 78 74 69 31 63 9 68 60 62 25 16 36 8 27 32 85 75 99 14 44 94 0 48 18 80 13 59 98 42 77 15 19 46 56 7 84 11 2 1 33 54 28 52 17
TEST 2 ARG:76 11 47 52 58 86 40 78 98 23 95 37 24 46 10 19 90 55 66 42 7 68 50 89 65 45 18 0 70 26 62 53 48 91 44 67 57 12 6 13 28 34 56 54 64 97 22 69 8 88 77 83 4 51 1 82 92 96 2 14 73 17 84 15 29 41 21 85 32 43 79 31 60 93 20 35 71 63 27 87 39 81 33 94 74 38 80 59 36 75 3 30 16 61 25 49 5 99 9 72
TEST 3 ARG:78 25 40 72 36 92 73 29 96 60 66 33 0 77 23 27 15 84 55 95 91 58 41 11 37 64 9 82 69 2 39 94 62 1 97 35 26 75 14 42 17 87 34 43 46 83 21 10 63 18 30 16 81 47 24 7 71 65 45 19 6 38 90 80 89 32 86 50 57 4 3 49 68 5 85 8 61 98 70 67 22 56 13 31 88 99 76 52 59 54 48 44 93 79 28 53 74 12 20 51
TEST 4 ARG:38 49 45 36 30 62 25 96 95 87 88 80 39 32 11 55 61 65 1 42 48 67 27 29 4 10 31 78 16 84 57 9 73 47 12 26 63 37 18 53 97 3 58 85 68 91 15 22 21 98 72 54 59 24 34 75 35 40 99 52 20 90 41 23 28 71 74 89 60 66 82 64 92 86 81 50 83 93 76 46 56 6 7 5 51 44 43 33 77 79 19 14 69 13 2 8 17 70 0 94
TEST 5 ARG:77 92 31 12 28 73 93 90 94 27 22 48 11 57 35 83 56 10 13 84 72 76 70 67 80 82 96 60 71 52 34 74 3 30 69 44 40 61 95 24 49 78 47 62 81 29 85 53 58 25 37 99 17 23 18 79 68 59 9 41 54 88 20 65 46 14 66 86 0 1 8 6 19 38 89 15 4 51 36 55 91 97 21 7 75 42 5 16 64 50 98 87 33 43 26 39 63 32 2 45
TEST 6 ARG:24 81 86 83 28 46 40 62 66 29 19 72 14 22 75 9 74 47 54 84 79 37 39 55 58 80 42 51 15 34 64 76 27 60 52 26 3 10 53 30 20 11 96 95 35 21 41 13 88 69 78 16 32 82 44 89 8 23 33 36 59 70 68 4 18 0 7 49 5 93 61 43 65 2 50 48 85 38 99 90 1 17 31 63 45 77 91 6 71 56 73 97 98 94 25 92 12 67 87 57
TEST 7 ARG:59 55 77 91 18 80 64 44 41 27 58 13 10 30 74 53 39 49 3 78 66 38 96 60 11 22 75 12 63 51 28 67 14 48 31 40 20 7 24 34 8 98 33 35 2 1 47 4 68 82 17 0 62 69 93 97 26 50 6 15 9 61 89 42 56 36 65 57 73 81 86 84 21 76 25 46 45 19 70 72 29 71 99 83 37 43 32 90 52 88 79 87 85 5 16 54 95 92 23 94
TEST 8 ARG:12 43 26 93 56 55 7 1 17 5 49 90 28 3 10 19 60 78 15 18 22 64 69 89 71 61 85 75 59 35 62 33 72 80 74 34 23 11 50 45 82 52 70 99 66 95 63 54 24 16 87 92 6 94 51 77 31 83 32 84 97 25 0 57 88 39 30 41 46 73 86 67 68 79 91 42 27 20 65 44 40 8 53 76 81 37 9 14 13 29 36 96 47 2 38 4 21 98 58 48
TEST 9 ARG:3 38 82 96 98 17 97 27 57 54 68 5 45 83 32 8 25 18 40 50 84 59 41 11 95 70 20 55 35 4 23 67 31 88 69 12 75 2 60 30 91 9 47 64 81 71 66 85 7 43 26 77 0 19 74 22 42 46 13 36 51 39 94 48 63 37 1 49 28 14 93 99 16 6 21 52 90 10 78 65 61 24 56 79 89 87 29 86 73 53 92 76 62 15 33 34 58 72 80 44
TEST 10 ARG:54 0 30 89 25 26 51 91 2 74 97 68 8 7 71 27 46 24 3 72 1 16 45 57 34 47 37 88 48 17 11 36 52 64 56 32 80 29 5 39 61 23 44 14 22 49 99 73 13 92 67 20 94 38 84 55 65 66 77 10 58 96 9 12 63 4 78 93 40 31 82 86 60 69 19 81 75 18 85 28 59 43 90 95 6 76 87 21 62 70 50 83 33 42 15 98 41 79 35 53
TEST 11 ARG:92 67 82 95 89 33 80 39 24 4 47 37 11 18 93 55 52 22 50 26 59 21 3 8 70 5 85 9 1 28 44 6 71 88 17 64 38 40 72 57 10 69 62 58 78 36 16 66 19 65 68 91 42 7 43 12 61 25 13 49 30 77 41 56 48 20 73 0 15 90 51 96 2 87 83 45 79 60 14 35 23 27 76 99 75 32 31 74 29 84 54 81 53 34 98 86 46 97 94 63
TEST 12 ARG:10 63 0 30 57 67 27 40 1 75 48 51 34 76 15 3 49 46 17 26 33 31 93 22 53 39 80 54 52 45 77 59 58 61 74 71 96 19 7 91 32 97 73 68 90 23 56 41 94 70 14 88 83 5 18 28 25 55 42 11 85 8 66 81 89 47 62 50 86 43 82 16 87 38 65 84 4 36 21 29 24 95 44 92 60 98 9 13 6 69 64 99 35 20 12 79 78 37 72 2
TEST 13 ARG:34 45 31 24 21 38 18 94 30 53 3 5 8 93 40 49 37 89 47 74 65 68 0 98 81 63 13 71 90 59 57 1 16 92 70 67 99 29 78 85 11 10 48 44 79 6 75 96 86 14 26 66 32 54 7 51 64 28 20 58 83 17 56 36 87 9 27 12 35 72 69 52 2 60 42 77 76 91 41 50 95 43 4 97 46 39 33 84 82 15 19 80 73 62 88 61 22 25 23 55
TEST 14 ARG:38 91 13 86 22 95 10 44 32 81 35 85 4 51 59 74 89 80 6 40 73 57 63 72 47 33 25 66 79 90 75 37 49 36 65 70 52 53 24 20 0 7 29 77 3 42 9 18 64 50 62 11 83 28 58 27 82 55 68 41 84 30 60 45 46 12 48 19 34 94 88 15 96 76 97 26 78 69 93 54 17 5 1 56 98 2 23 14 16 99 87 8 21 31 43 61 67 92 71 39
TEST 15 ARG:6 36 61 28 8 18 3 68 96 39 25 75 65 67 14 19 9 24 51 92 77 35 95 60 26 5 31 91 94 52 93 1 44 88 73 23 21 74 11 42 78 81 66 2 58 99 37 17 16 38 55 7 20 98 79 41 4 30 50 97 29 45 63 90 0 83 54 89 82 86 69 47 15 53 72 22 70 46 13 10 59 84 62 33 56 27 40 43 76 64 12 57 87 34 32 48 80 85 71 49
TEST 16 ARG:4 57 65 29 44 79 63 49 43 11 78 53 67 60 92 6 55 96 54 2 7 30 64 59 20 19 93 28 39 50 71 3 47 81 82 18 12 1 95 90 35 25 68 22 87 14 0 94 99 26 42 13 17 86 85 33 51 97 58 27 38 37 83 9 76 34 70 89 74 48 8 77 91 62 36 66 69 75 61 52 72 73 46 15 45 98 41 80 5 32 31 40 24 16 56 23 88 84 10 21
TEST 17 ARG:55 5 60 66 83 4 58 11 93 82 64 44 72 78 8 9 27 17 92 14 23 97 51 29 26 77 35 39 89 38 25 90 43 52 86 59 12 96 33 87 54 71 37 88 80 36 67 1 48 3 84 7 21 81 22 31 53 42 61 76 65 70 75 85 98 99 95 6 56 13 15 10 74 30 18 68 46 49 24 28 50 63 40 32 79 0 45 94 47 62 69 57 19 2 34 73 91 20 41 16
TEST 18 ARG:20 36 4 31 65 97 61 39 23 98 11 17 29 68 33 32 46 89 8 5 57 34 91 86 37 90 74 16 94 18 88 38 83 76 62 9 40 85 19 77 64 92 2 79 1 21 28 44 87 30 6 14 70 54 15 82 12 50 48 93 41 95 42 63 66 84 78 75 13 53 35 24 55 69 56 60 72 22 81 99 80 3 52 43 73 71 26 59 51 7 96 58 0 27 25 49 10 45 67 47
